50	100	200	400	600	700	708	714	730	750	800	2000	5000
.993	.990	.958	.872	.763	.714	.710	.707	.700	.689	.665	.3334	.141
.200	.405	.720	1.160	1.345	1.355	1.355	1.365	1.350	1.350	1.345	0.845	.380
2.71	2.715	2.620	2.385	2.095	1.955	1.940	1.930	1.915	1.890	1.825	.935	.410

50	100	200	400	600	700	708	727	750	800	2000	5000
.0696	.138	.269	.48	.641	.695	.699	.707	.716	.736	.924	.972
.205	.390	.750	1.330	1.765	1.900	1.915	1.930	1.970	2.020	2.545	2.670
.200	.380	.710	1.150	1.340	1.34	1.340	1.345	1.325	1.330	.810	.335

50	100	300	500	600	625	683	720	1000	2000	5000
.0706	.132	.279	.322	.331	.330	.332	.332	.320	.249	.1287
.205	.370	.775	.900	.910	.910	.910	.920	.890	.685	.375
.190	.325	.415	.195	.110	.09	.045	0	.185	.405	.285

