1 1 1 1 2 2 2 2 2 2 2 2 1 2 1 2 3 2 3 3 2 2 2 2 1 3 2 1 2 1 2 1 2 1 3 2 2 2 2 3 3
2 2 1 1 2 2 3 3 1 3 3 3 2 3 2 2 2 2 3 2 2 2 3 2 3 3 3 3 2 2 2 3 2 3 3 2 3 3 3 2 2
3 2 3 1 3 3 3 3 3 3 2 1 2 2 3 2 2 1 2 2 2 2 2 2 3 3 2 2 2 2 3 3 3 3 3 3 3 3 3 3 3
4 2 1 1 3 3 3 3 3 2 3 1 2 3 2 2 3 2 3 3 2 2 1 3 3 3 3 3 3 2 2 3 1 3 2 2 3 3 3 3 2
5 2 1 1 1 3 2 2 2 2 2 3 2 3 2 1 1 1 2 2 2 2 2 1 1 2 2 2 2 1 2 2 1 2 1 1 2 1 2 1 2
6 2 2 2 2 3 3 3 2 3 3 3 3 3 3 3 2 2 3 3 3 3 3 3 3 3 3 3 3 3 3 3 3 3 3 3 3 3 3 3 3
7 2 2 1 3 3 3 3 3 2 3 3 2 3 2 2 2 2 3 3 2 3 3 3 2 3 3 3 3 3 3 3 3 3 3 3 3 3 3 3 3
8 2 1 2 3 2 2 3 2 2 3 3 2 3 2 2 2 2 3 2 2 3 3 2 2 3 3 2 3 2 2 3 2 3 3 2 3 3 3 3 2
9 2 1 1 2 3 3 3 2 1 3 3 3 3 2 2 1 2 2 3 2 3 3 3 2 3 3 3 3 3 3 2 2 3 3 1 3 3 3 3 3
10 2 1 2 2 1 2 3 2 2 3 3 1 2 1 2 1 1 1 2 1 2 2 1 2 3 2 3 3 3 3 3 3 3 3 3 3 2 3 3 2
11 2 2 2 1 2 3 3 3 2 3 3 2 3 2 2 2 1 2 2 3 2 3 3 3 3 2 3 2 2 3 3 2 3 3 3 3 3 2 3 3
12 2 1 2 3 1 3 3 3 3 3 3 3 3 2 3 3 2 3 3 3 3 3 3 2 3 3 3 2 3 2 3 2 3 3 3 3 3 3 3 2
13 2 1 2 2 3 3 3 1 1 3 3 2 2 1 1 2 2 1 2 3 1 3 3 3 3 3 3 3 1 3 2 2 3 2 1 3 3 3 3 2
14 2 1 1 2 2 2 3 2 1 3 3 2 3 1 2 2 2 1 1 2 2 3 2 2 2 2 3 2 2 2 3 2 1 2 2 2 2 2 2 2
15 2 1 2 2 2 2 2 3 2 3 3 3 3 2 3 3 1 3 3 3 3 3 3 2 2 2 3 3 2 2 3 3 2 2 2 3 3 3 3 3
16 2 1 2 2 3 2 3 2 3 2 2 2 3 2 2 1 2 3 3 3 2 2 3 3 3 3 3 2 2 2 3 2 3 3 2 3 3 3 2 2
17 2 1 1 3 3 3 3 2 2 3 3 2 3 3 3 2 2 3 3 2 2 3 2 2 3 3 3 3 3 2 3 3 3 3 2 3 3 3 2 3
18 2 2 1 1 1 1 2 2 2 2 3 1 1 2 2 1 1 1 1 1 1 2 2 1 2 2 2 2 1 2 2 1 2 2 1 1 2 1 1 1
19 2 1 1 3 2 3 1 2 3 1 3 2 3 3 2 1 1 2 2 1 2 2 1 3 1 2 3 2 1 2 1 1 1 2 1 3 1 3 2 1
20 2 1 1 1 2 1 1 1 1 1 3 2 1 1 2 1 2 1 1 1 2 1 1 1 2 1 3 2 2 2 1 1 1 1 1 1 2 2 2 1
21 2 2 1 2 2 1 1 1 1 1 1 2 2 1 3 1 1 3 1 1 1 1 2 1 2 2 1 1 1 1 1 1 1 2 2 2 3 3 3 1
22 2 1 1 2 3 1 2 2 3 3 3 2 3 1 1 2 2 3 3 3 3 2 3 2 2 3 3 2 3 3 2 2 3 2 2 3 2 3 2 3
23 2 1 2 2 2 1 1 1 2 2 3 2 2 1 2 2 2 3 3 3 2 3 2 2 3 2 3 2 3 1 2 2 3 3 2 3 3 2 3 3
24 2 1 1 3 3 3 3 2 2 2 3 2 2 3 3 3 3 3 2 3 2 2 2 3 3 3 3 3 3 3 2 2 3 3 3 3 3 3 3 3
25 2 1 2 1 2 2 2 2 2 3 3 2 3 1 2 1 1 2 1 1 2 2 2 2 3 1 2 1 1 1 2 2 1 2 1 1 1 2 1 3
26 2 1 2 2 3 3 3 2 2 3 2 3 3 2 3 2 3 3 3 2 2 2 3 3 3 3 3 3 2 2 3 2 3 3 2 3 3 3 3 2
27 2 1 1 3 3 1 2 1 2 2 2 1 2 2 3 1 2 3 3 2 2 1 3 3 3 3 3 3 1 2 2 3 2 3 2 3 2 3 2 1
28 2 1 1 1 2 2 3 2 3 3 3 2 3 2 3 2 2 2 2 2 2 2 3 3 2 2 3 1 3 3 3 2 2 2 1 3 2 3 1 3
29 2 1 1 3 3 3 2 3 3 3 3 2 3 2 2 2 2 3 3 3 3 3 3 1 3 3 3 3 3 3 3 3 3 3 3 3 3 3 3 3
30 2 1 1 2 3 3 1 2 2 2 2 2 3 2 2 2 2 3 3 3 2 3 3 3 3 3 3 3 2 3 2 2 3 2 2 3 3 3 3 2
31 1 1 1 3 3 3 3 3 3 3 3 2 3 3 3 2 2 3 3 3 2 3 3 3 3 3 3 3 3 3 2 3 3 3 2 3 3 3 3 3
32 2 1 1 2 3 1 3 2 3 2 3 3 3 1 1 1 1 3 2 2 2 3 3 2 3 3 3 1 1 2 1 2 3 2 2 3 3 2 2 1
33 2 1 1 2 3 3 3 3 3 3 3 2 3 1 3 2 2 3 2 1 2 3 2 3 3 3 3 3 2 2 3 3 2 2 2 3 3 3 2 2
34 2 1 1 2 3 2 2 3 2 3 3 3 3 3 2 3 2 3 3 3 3 2 3 3 3 3 3 3 3 3 2 3 3 3 2 3 3 3 3 2
35 2 1 1 2 1 2 2 2 3 3 3 2 3 2 2 2 2 3 3 3 2 2 3 3 3 3 3 2 2 2 3 2 3 3 1 3 3 2 2 2
36 2 1 1 3 3 3 3 2 3 3 3 2 3 2 2 2 2 3 3 3 3 3 3 3 3 3 2 3 2 2 3 3 3 3 2 3 3 3 2 3
37 2 1 1 3 3 3 3 3 3 3 3 3 3 2 3 3 3 3 3 3 3 3 3 3 3 3 3 2 3 3 3 2 3 3 3 3 3 3 3 3
38 2 1 1 1 2 2 1 1 1 1 1 1 1 1 1 1 1 3 2 1 1 1 2 3 3 2 2 2 1 2 2 2 2 3 2 2 2 3 2 2
39 2 1 1 2 1 1 2 1 2 3 3 2 3 1 3 1 2 3 2 2 2 3 1 1 3 3 3 2 2 2 3 2 1 1 1 3 3 3 2 2
40 2 1 1 1 3 3 3 1 1 1 2 1 2 1 1 1 1 2 2 1 1 1 2 1 1 1 1 1 1 1 1 1 2 2 1 2 2 2 1 1
41 2 1 1 2 1 2 3 3 3 2 3 1 2 2 2 1 2 3 2 1 2 2 3 3 3 1 2 2 1 2 3 1 3 1 1 2 3 2 2 2
42 2 1 1 1 3 3 3 2 2 3 3 2 3 2 2 2 2 3 1 3 2 2 3 2 3 3 3 2 3 2 3 2 3 3 1 3 3 3 2 2
43 2 1 1 1 2 1 1 1 1 2 2 1 2 1 2 1 1 3 3 2 2 3 2 2 3 1 3 3 1 1 1 1 3 3 1 3 3 2 2 1
44 1 2 2 2 2 3 3 3 2 3 3 2 3 3 2 2 1 3 2 3 3 3 2 1 3 3 3 3 3 2 2 2 3 3 3 3 2 3 2 3
45 1 2 1 3 3 3 3 3 3 3 3 2 3 2 2 3 2 3 3 3 3 3 3 3 3 3 3 3 2 3 2 3 3 3 3 3 3 3 3 3
46 2 1 2 2 3 3 3 2 2 3 3 3 3 2 3 3 2 3 3 2 2 1 2 2 3 3 3 3 2 3 3 3 3 3 3 3 3 3 3 3
47 2 1 1 2 2 2 1 1 1 1 2 2 3 2 2 2 2 2 2 2 2 2 2 1 2 2 3 2 2 2 2 2 1 2 2 2 2 2 1 1
48 1 2 2 2 3 3 3 3 3 3 3 2 3 1 3 2 2 3 2 3 3 3 3 3 3 3 3 3 3 3 3 3 3 3 1 3 3 3 2 1
49 1 2 1 3 3 1 1 1 2 3 2 2 2 3 2 2 2 3 2 3 2 1 3 2 3 1 2 2 3 1 3 2 3 3 3 3 1 3 3 3
50 1 2 1 2 3 3 3 1 1 3 3 2 1 2 2 1 1 3 2 3 2 1 3 2 3 3 3 3 2 2 1 2 1 3 1 3 3 3 2 1
51 1 1 2 2 2 3 3 3 1 2 2 2 3 1 2 1 2 3 3 2 1 3 1 2 2 3 3 3 2 2 2 3 1 1 1 3 3 3 2 1
52 1 1 2 2 3 2 2 2 2 2 3 2 3 2 2 2 1 2 2 2 2 2 2 2 2 2 2 2 2 2 1 2 1 1 2 3 2 3 2 2
53 1 2 1 2 2 2 2 1 1 2 2 1 2 3 1 1 1 1 2 2 1 1 3 3 3 3 2 2 2 1 1 2 2 3 1 2 1 2 3 2
54 2 1 2 2 3 3 3 3 3 3 3 2 3 2 2 2 2 3 2 2 2 2 1 2 3 3 3 3 3 3 1 1 3 2 1 3 2 3 2 2
55 2 1 2 3 3 3 3 2 3 3 3 3 3 1 2 3 2 3 3 2 3 3 2 2 3 2 3 2 3 2 3 2 3 3 2 3 3 3 2 3
56 1 1 1 2 1 1 1 1 1 2 2 1 3 1 1 1 1 1 2 2 2 1 2 3 3 3 1 1 1 1 1 1 1 1 1 1 1 1 1 1
57 2 1 1 2 2 2 2 1 1 1 2 2 2 1 2 2 1 2 1 1 2 1 2 1 3 2 2 1 1 2 1 1 3 2 1 3 3 3 2 1
58 1 2 1 3 3 2 2 2 2 2 2 2 2 1 2 2 2 3 3 2 2 3 3 3 3 3 3 3 3 3 3 3 3 3 2 3 3 3 3 3
59 1 1 1 1 2 2 3 1 1 3 3 2 3 1 2 1 1 3 3 2 2 2 1 3 3 3 3 3 2 1 2 2 1 3 1 3 3 3 2 3
60 1 1 1 3 3 2 2 1 2 3 3 3 3 3 3 2 3 3 3 3 3 3 3 3 3 3 3 3 3 3 3 3 3 3 2 3 3 3 3 2
61 1 2 2 3 3 1 2 1 1 2 1 2 3 3 2 3 2 3 3 3 3 3 3 3 3 3 3 2 2 2 2 1 3 2 2 3 3 3 3 2
62 1 2 1 3 3 1 2 1 2 2 3 2 3 1 2 1 1 2 2 2 2 3 2 2 3 2 2 2 1 2 2 1 2 2 2 3 2 2 2 2
63 1 2 2 2 1 2 2 2 1 3 3 2 3 2 1 1 2 3 3 2 3 3 1 3 3 3 3 2 1 1 1 1 3 3 1 3 3 3 3 1
64 1 2 1 3 2 3 2 2 2 3 2 2 3 2 3 2 2 3 2 3 3 3 3 3 3 3 3 3 2 3 3 3 3 3 3 3 3 3 3 2
65 1 1 2 2 3 3 3 2 1 2 3 3 3 3 3 3 1 3 3 3 3 3 3 1 3 3 3 2 3 3 3 2 2 3 2 3 3 3 1 3
66 2 1 1 3 3 3 3 3 3 1 3 2 3 2 2 3 2 3 2 3 3 3 3 2 3 2 2 3 2 3 2 3 3 3 3 3 3 3 2 3
67 1 1 1 2 1 2 2 1 1 1 3 1 1 1 1 1 1 1 1 1 1 1 1 1 1 2 1 1 1 1 1 1 1 1 1 1 1 1 2 1
68 1 1 1 2 3 1 1 1 1 1 3 1 3 1 1 1 1 3 3 1 1 1 3 2 2 1 2 2 1 1 1 3 1 2 1 3 1 3 2 2
69 2 1 2 2 3 3 3 2 2 3 3 2 3 3 2 1 2 2 3 3 3 3 3 1 3 3 3 3 3 3 3 3 1 1 2 3 3 3 1 3
70 2 2 2 2 3 3 3 3 3 3 3 3 2 2 2 2 2 3 3 2 3 3 3 2 3 3 3 3 3 3 3 3 3 3 3 3 3 2 3 2
71 1 2 1 3 3 3 3 3 3 3 3 3 3 2 3 3 2 3 3 3 3 3 2 3 3 3 3 3 3 3 3 3 3 3 3 3 3 3 3 3
72 1 1 1 2 2 3 1 1 1 3 3 1 3 1 3 1 1 3 2 2 3 1 3 2 3 3 2 3 1 2 2 1 3 3 3 3 3 3 3 2
73 1 1 1 1 1 1 1 1 1 1 2 1 1 1 2 1 1 2 1 1 1 1 1 3 3 1 2 2 1 1 1 2 3 2 1 3 2 1 2 1
74 2 1 1 2 3 3 3 2 3 2 3 2 3 3 1 1 2 3 2 2 2 2 2 1 2 3 3 2 2 2 2 1 1 1 1 3 1 2 2 1
75 2 1 1 2 3 3 1 2 1 1 3 1 1 1 2 1 1 2 1 1 1 1 1 1 1 1 2 1 1 1 1 1 2 1 1 2 1 2 3 1
76 2 1 2 2 3 3 1 1 1 1 3 1 1 1 2 1 1 2 2 1 2 2 1 2 2 2 2 2 2 1 1 1 3 1 1 2 2 2 2 1
77 2 1 1 2 3 2 2 2 1 2 1 1 2 2 1 2 1 2 3 1 2 3 2 2 3 3 2 2 1 1 1 1 3 3 3 3 1 3 3 2
78 1 1 1 3 3 3 3 3 3 3 3 2 3 1 1 1 1 3 2 3 2 3 3 2 3 3 3 3 3 2 3 1 3 2 3 3 2 3 2 2
79 1 1 1 2 2 2 2 1 1 3 3 2 3 2 3 2 2 3 3 3 3 2 3 3 3 3 3 3 3 2 3 2 3 3 2 3 2 3 3 3
80 2 1 2 1 1 3 1 1 1 3 3 1 2 1 1 1 1 1 2 1 2 1 1 2 3 2 2 2 2 1 2 1 1 2 1 2 2 1 1 1
81 1 2 1 3 3 1 2 1 3 1 3 2 3 2 3 1 2 3 1 3 3 2 3 3 3 2 3 3 3 3 3 3 3 3 3 3 3 3 3 3
82 1 2 2 2 2 2 3 2 2 3 3 2 3 2 3 2 2 3 2 3 1 2 2 3 3 3 3 2 1 2 2 2 3 1 1 3 3 3 2 2
83 2 1 1 2 3 2 2 2 2 2 3 2 2 2 2 2 2 2 2 2 3 2 2 2 2 2 2 2 2 2 2 2 2 2 2 2 2 2 2 2
84 1 4 1 2 2 2 3 3 2 3 3 3 3 2 2 3 2 3 3 3 2 3 2 1 2 3 2 2 2 3 2 3 3 2 2 3 3 3 3 2
85 1 1 1 1 2 1 1 1 1 1 1 1 1 1 2 1 2 2 1 1 1 1 3 1 3 2 3 1 1 1 1 1 2 3 2 3 3 2 1 2
86 2 1 2 3 3 1 1 1 1 1 1 1 2 1 1 1 1 2 1 2 1 2 2 2 2 2 1 2 2 2 1 2 2 2 1 3 2 2 1 2
87 2 1 1 3 3 3 2 1 3 3 1 2 2 1 3 3 1 3 1 2 1 3 2 1 2 2 3 3 3 3 1 1 2 3 1 3 3 3 1 2
88 1 1 1 2 2 1 1 1 1 2 2 2 2 1 1 1 1 2 2 2 1 2 3 2 2 2 1 1 1 1 1 1 1 2 1 2 2 2 2 1
89 2 1 1 2 3 3 3 3 3 3 3 2 2 1 3 3 2 3 3 2 3 3 3 3 3 2 3 3 1 2 2 2 1 3 2 3 3 3 1 3
90 1 2 2 2 2 2 2 2 3 3 3 1 2 2 2 1 1 2 2 2 2 2 1 2 3 2 1 1 1 1 2 2 3 2 1 3 3 3 2 1
91 2 1 2 2 2 1 1 1 1 1 1 1 2 1 2 1 1 3 1 3 2 1 2 3 3 3 2 1 2 2 1 3 3 2 2 3 3 3 2 2
92 2 1 1 3 3 3 3 3 2 3 3 2 2 2 2 2 2 3 1 2 3 3 3 3 3 3 3 3 2 2 3 3 3 2 3 3 3 3 3 3
93 1 2 1 2 3 3 3 3 3 2 3 2 3 2 2 2 2 3 3 2 2 3 2 2 3 2 3 3 2 3 2 2 2 2 3 3 3 3 2 2
94 1 1 2 3 3 3 3 3 3 3 3 3 3 3 3 3 3 3 3 3 3 3 3 3 3 3 3 3 3 3 3 3 3 3 3 3 3 3 3 3
95 2 1 1 3 3 1 3 3 3 3 3 2 3 2 2 1 2 3 3 2 3 2 2 2 2 3 2 2 3 3 3 3 3 2 2 3 3 3 2 2
96 1 3 2 2 3 3 3 2 3 3 3 3 3 2 3 2 2 3 3 3 3 3 3 3 3 3 3 2 3 3 3 3 3 3 3 3 3 3 2 2
97 2 1 1 3 3 3 3 2 2 3 3 2 3 3 3 3 3 3 3 2 2 2 3 2 3 3 3 2 2 1 3 3 2 3 3 3 3 3 3 3
98 2 1 2 2 2 3 3 2 2 2 3 2 3 3 2 1 1 3 3 2 2 3 3 2 3 2 3 2 2 2 2 2 3 3 1 3 3 2 1 2
99 1 1 1 3 3 3 1 1 1 2 1 1 3 3 3 2 1 3 3 3 1 3 3 3 3 3 3 2 3 1 2 3 3 3 2 3 3 3 2 3
100 1 2 2 3 3 3 3 2 3 3 3 2 3 3 2 3 3 3 3 3 3 2 3 3 3 3 3 3 3 3 3 3 3 3 3 3 3 3 3 3
101 2 1 1 2 2 2 1 1 1 1 2 1 2 1 1 1 2 2 1 2 2 2 2 2 2 2 2 2 2 2 2 2 2 2 2 2 2 2 2 2
102 1 1 2 2 3 3 3 1 2 2 3 1 3 2 2 1 1 3 3 3 2 3 3 2 3 2 3 2 2 1 1 3 2 1 1 2 3 2 2 3
103 2 1 2 1 2 3 3 2 2 2 3 3 3 2 2 3 2 3 3 3 3 3 3 1 3 3 3 3 2 2 3 2 2 3 2 3 3 3 1 3
104 1 1 1 2 3 1 1 1 1 1 3 1 1 1 1 1 1 3 1 1 1 1 1 2 1 1 1 1 1 1 1 1 1 2 1 1 1 1 2 1
105 1 2 1 3 3 3 3 2 3 3 2 3 3 2 3 3 3 3 3 3 3 3 3 3 3 3 2 3 3 3 3 3 3 3 3 3 3 3 1 3
106 1 1 2 2 3 2 3 3 1 2 3 2 3 1 1 2 1 3 2 3 2 2 3 2 3 2 3 3 3 2 2 1 3 3 1 3 3 3 2 2
107 2 2 2 2 1 1 1 1 1 1 1 1 1 1 1 1 1 1 1 1 1 1 1 1 1 1 1 1 1 1 1 1 1 1 1 1 1 1 1 1
108 1 2 1 3 3 2 3 1 1 1 3 2 2 1 2 2 1 3 3 2 2 3 3 3 3 2 3 1 1 3 1 2 2 3 1 3 3 3 3 1
109 1 1 1 1 3 3 1 1 3 3 2 2 3 3 1 2 1 3 2 3 2 2 3 3 3 3 3 3 1 2 3 2 3 3 3 3 3 3 1 1
110 1 1 1 1 2 1 1 1 2 1 1 1 2 2 2 2 1 1 1 2 2 1 2 1 2 1 2 1 2 1 2 2 2 2 2 2 2 2 2 2
111 1 2 2 1 2 2 1 1 1 1 3 2 3 2 1 2 1 3 3 2 2 2 1 1 2 2 2 1 2 2 2 1 2 2 1 3 3 2 2 1
112 1 3 2 2 2 2 2 1 1 2 1 2 3 3 3 2 1 3 3 2 1 1 2 2 2 2 2 2 3 2 2 2 3 3 1 3 1 2 2 1
113 1 2 2 2 2 1 1 1 1 1 3 2 3 2 2 1 1 3 2 3 2 2 2 3 3 2 3 2 2 2 1 1 3 2 2 3 3 3 3 2
114 1 2 1 3 3 3 3 2 1 1 3 2 1 3 2 3 2 3 3 1 3 3 3 1 3 3 3 3 3 3 3 3 3 3 1 3 3 3 3 3
115 1 2 1 3 3 2 2 2 2 1 3 2 3 2 3 1 2 3 3 2 1 3 3 3 3 2 3 3 2 2 3 3 2 3 2 3 3 3 3 3
116 2 1 1 2 2 1 1 1 1 1 1 1 1 1 2 2 2 2 2 2 1 1 1 1 2 1 1 1 1 1 1 1 3 1 2 2 1 1 2 2
117 1 1 2 2 3 2 2 2 2 3 3 3 3 2 2 3 2 3 3 3 3 3 3 2 3 2 3 2 3 3 2 2 3 3 2 3 3 3 3 2
118 1 2 1 2 2 3 3 2 2 3 3 2 3 3 2 2 2 3 3 2 2 3 3 1 3 3 3 2 3 2 3 3 3 3 1 3 3 3 2 2
119 1 2 1 3 3 3 3 2 2 3 3 1 3 3 3 1 2 3 1 3 1 3 2 3 2 3 3 3 3 2 3 2 3 3 2 3 3 3 2 2
120 2 1 1 2 3 3 3 1 2 3 3 2 3 1 1 2 1 3 3 2 1 3 3 1 2 1 2 1 1 2 2 2 1 3 1 3 3 3 1 1
121 1 2 1 3 3 3 3 3 2 3 3 2 2 2 3 3 3 3 3 2 3 3 3 3 3 2 3 3 2 3 3 3 3 3 1 3 2 3 2 2
