Child 1
0.046505 0.320434 0.849758 0.592539 0.371904 0.102655 0.551412 0.049846 0.133765 0.334236 
0.831910 0.870391 0.613515 0.172868 0.679858 0.193054 0.532278 0.219214 0.564248 0.733858 
0.072287 0.911227 0.652186 0.681150 0.743202 0.343274 0.599651 0.265663 0.510268 0.994891 
0.848370 0.556774 0.315325 0.698128 0.149313 0.687230 0.800783 0.700725 0.737076 0.934548 
0.034961 0.568985 0.804938 0.648476 0.741854 0.484796 0.841530 0.274132 0.704010 0.405778 
0.007990 0.776297 0.317005 0.660176 0.457447 0.060208 0.003451 0.057098 0.325871 0.513719 
0.051990 0.174241 0.070493 0.367315 0.872369 0.219805 0.054544 0.673152 0.920530 0.791620 
0.607699 0.955491 0.360605 0.412637 0.603966 0.102459 0.897433 0.445496 0.376591 0.601443 
0.851274 0.384581 0.377740 0.168279 0.044757 0.835187 0.228487 0.048208 0.892285 0.554358 
0.561927 0.944275 0.728599 0.632419 0.311589 0.600968 0.852224 0.366134 0.274119 0.772754 
