Child 3
0.473834 0.189191 0.998444 0.698059 0.312348 0.931358 0.504224 0.136895 0.368024 0.418884 
0.069356 0.380277 0.639466 0.025671 0.667475 0.780468 0.865718 0.762059 0.949442 0.535544 
0.231281 0.295227 0.738972 0.991756 0.472445 0.795385 0.107613 0.646212 0.612873 0.130297 
0.098869 0.086707 0.319487 0.097313 0.784767 0.631835 0.028671 0.288990 0.768730 0.396695 
0.707875 0.838086 0.776972 0.347341 0.863757 0.444447 0.127809 0.729475 0.206505 0.077251 
0.265019 0.437787 0.372478 0.003991 0.429543 0.844923 0.799376 0.537157 0.491135 0.412249 
0.667453 0.590004 0.498956 0.986941 0.687316 0.283723 0.618776 0.715987 0.572713 0.387506 
0.112682 0.280588 0.225592 0.889654 0.627929 0.089349 0.334101 0.755738 0.818823 0.540606 
0.832989 0.083842 0.978393 0.205467 0.087833 0.407936 0.050391 0.887210 0.945093 0.541525 
0.299459 0.612547 0.131529 0.798415 0.599487 0.818846 0.082138 0.218263 0.534833 0.654851 
