Child 2
0.902092 0.343041 0.124337 0.075700 0.909447 0.799654 0.417604 0.049726 0.699539 0.543107 
0.692561 0.968319 0.976954 0.298890 0.437776 0.529632 0.268772 0.483003 0.817045 0.224225 
0.087063 0.803600 0.494131 0.724064 0.134339 0.841439 0.903767 0.268440 0.470596 0.009896 
0.117942 0.372688 0.352937 0.242279 0.448388 0.262383 0.041933 0.865992 0.312110 0.741472 
0.409099 0.004671 0.709791 0.386053 0.303561 0.147567 0.915685 0.572332 0.630569 0.732730 
0.796557 0.717632 0.536330 0.290688 0.441696 0.670669 0.132127 0.345462 0.939108 0.602723 
0.355358 0.057050 0.975411 0.708295 0.299329 0.423799 0.970678 0.341262 0.289792 0.282788 
0.082734 0.698890 0.287458 0.792525 0.084943 0.591019 0.940091 0.000628 0.163351 0.570660 
0.733358 0.959908 0.288293 0.269688 0.250596 0.729989 0.940356 0.382723 0.075451 0.879465 
0.985446 0.430809 0.936515 0.960857 0.139104 0.235843 0.384657 0.109782 0.577105 0.674448 
